TRUNCATE TABLE travel_class CASCADE;
TRUNCATE TABLE planetype CASCADE;
TRUNCATE TABLE planetype_travelclasses CASCADE;

START TRANSACTION;

INSERT INTO travel_class (id, max_seats, name)
VALUES (1, 30, 'Private'), (2, 300, 'Economy'), (3, 300, 'Business');

INSERT INTO planetype (id, name)
VALUES(0, 'GC-201'),
      (1, 'T-Rex 700E'),
      (2, 'MK OktoKopter XL2'),
      (3, 'MK L4'),
      (4, 'MK Quadro XL'),
      (7, 'Mavic Pro'),
      (8, 'Air Trainer 140'),
      (9, 'Air Trainer 140'),
      (10, 'T-Rex 550E'),
      (11, 'Helitech 1'),
      (12, 'Matrice 600 Pro'),
      (13, 'Mugin 4450'),
      (14, 'JSM Xcalibur+'),
      (15, 'GD-40X'),
      (16, 'MTD'),
      (17, 'Mugin M3600E'),
      (18, 'md4-1000'),
      (19, 'PowerPlane AP002A'),
      (20, 'PowerPlane AP002A');

INSERT INTO plane(code, type_id)
VALUES('PH-1AA', 0),
      ('PH-1AC', 1),
      ('PH-1AE', 2),
      ('PH-1AF', 3),
      ('PH-1AI', 4),
      ('PH-1AJ', 5),
      ('PH-1AK', 6),
      ('PH-1AL', 7),
      ('PH-1AM', 8),
      ('PH-1AN', 9),
      ('PH-1AO', 10),
      ('PH-1AP', 11),
      ('PH-1AQ', 12),
      ('PH-1AS', 13),
      ('PH-1AU', 14),
      ('PH-1AV', 15),
      ('PH-1AW', 16),
      ('PH-1AY', 17),
      ('PH-1BN', 18),
      ('PH-1BQ', 19),
      ('PH-1BR', 20);

INSERT INTO planetype_travelclasses (planetype_id, travelclasses_id)
VALUES(0, 2), (0, 3), (1, 2),
      (1, 3), (2, 2), (2, 3),
       (3, 2),
      (3, 3),
      (4, 2),
      (4, 3),
      (5, 2),
      (5, 3),
      (6, 2),
      (6, 3),
      (7, 2),
      (7, 3),
      (8, 2),
      (8, 3),
      (9, 2),
      (9, 3),
      (10, 2),
      (10, 3),
      (11, 2),
      (11, 3),
      (12, 2),
      (12, 3),
      (13, 2),
      (13, 3),
      (14, 2),
      (14, 3),
      (15, 2),
      (15, 3),
      (16, 2),
      (16, 3),
      (17, 2),
      (17, 3),
      (18, 2),
      (18, 3),
      (19, 2),
      (19, 3),
      (20, 2),
      (20, 3),
      (21, 2),
      (21, 3),
      (22, 2),
      (22, 3),
      (23, 2),
      (23, 3),
      (24, 2),
      (24, 3),
      (25, 2),
      (25, 3),
      (26, 2),
      (26, 3),
      (27, 2),
      (27, 3),
      (28, 2),
      (28, 3),
      (29, 2),
      (29, 3),
      (30, 2),
      (30, 3),
      (31, 2),
      (31, 3),
      (32, 2),
      (32, 3),
      (33, 2),
      (33, 3),
      (34, 2),
      (34, 3),
      (35, 2),
      (35, 3),
      (36, 2),
      (36, 3),
      (37, 2),
      (37, 3),
      (38, 2),
      (38, 3),
      (39, 2),
      (39, 3),
      (40, 2),
      (40, 3),
      (41, 2),
      (41, 3),
      (42, 2),
      (42, 3),
      (43, 2),
      (43, 3),
      (44, 2),
      (44, 3),
      (45, 2),
      (45, 3),
      (46, 2),
      (46, 3),
      (47, 2),
      (47, 3),
      (48, 2),
      (48, 3),
      (49, 2),
      (49, 3),
      (50, 2),
      (50, 3),
      (51, 2),
      (51, 3),
      (52, 2),
      (52, 3),
      (53, 2),
      (53, 3),
      (54, 2),
      (54, 3),
      (55, 2),
      (55, 3),
      (56, 2),
      (56, 3),
      (57, 2),
      (57, 3),
      (58, 2),
      (58, 3),
      (59, 2),
      (59, 3),
      (60, 2),
      (60, 3),
      (61, 2),
      (61, 3),
      (62, 2),
      (62, 3),
      (63, 2),
      (63, 3),
      (64, 2),
      (64, 3),
      (65, 2),
      (65, 3),
      (66, 2),
      (66, 3),
      (67, 2),
      (67, 3),
      (68, 2),
      (68, 3),
      (69, 2),
      (69, 3),
      (70, 2),
      (70, 3),
      (71, 2),
      (71, 3),
      (72, 2),
      (72, 3),
      (73, 2),
      (73, 3),
      (74, 2),
      (74, 3),
      (75, 2),
      (75, 3),
      (76, 2),
      (76, 3),
      (77, 2),
      (77, 3),
      (78, 2),
      (78, 3),
      (79, 2),
      (79, 3),
      (80, 2),
      (80, 3),
      (81, 2),
      (81, 3),
      (82, 2),
      (82, 3),
      (83, 2),
      (83, 3),
      (84, 2),
      (84, 3),
      (85, 2),
      (85, 3),
      (86, 2),
      (86, 3),
      (87, 2),
      (87, 3),
      (88, 2),
      (88, 3),
      (89, 2),
      (89, 3),
      (90, 2),
      (90, 3),
      (91, 2),
      (91, 3),
      (92, 2),
      (92, 3),
      (93, 2),
      (93, 3),
      (94, 2),
      (94, 3),
      (95, 2),
      (95, 3),
      (96, 2),
      (96, 3),
      (97, 2),
      (97, 3),
      (98, 2),
      (98, 3),
      (99, 2),
      (99, 3);

COMMIT;

